St=[[0,0];[1,30909];[2,30909];[1,60126];[3,71764.4];[4,71764.4];[5,107248.4];[6,123664.1];[7,123664.1];[8,164891.1];[9,203443.7];[10,203443.7];[11,233593.7];[12,243190.7];[13,243190.7];[12,252843.7];[14,283688.1];[15,283688.1];[16,312851.1];[17,358700.1];[18,358700.1];[19,392360.1];[20,392360.1];[21,497510.9];[22,497510.9];[23,560947.3];[24,560947.3];[25,589855.3];[26,654989.3];[27,654989.3];[28,689711.1];[29,689711.1];[30,715071.9];[31,724408.7];[32,724408.7];[33,780825.8];[34,780825.8];[0,800786.3];[1,830528.3];[2,830528.3];[3,856716.9];[4,856716.9];[1,860804.3];[0,860804.3];[1,889625.3];[2,889625.3];[5,892111.9];[6,914420.2];[7,914420.2];[1,920072.3];[0,920072.3];[3,934861.5];[4,934861.5];[1,948872.3];[2,948872.3];[8,954197.2];[5,969098];[1,977849.3];[0,977849.3];[3,979005.1];[4,979005.1];[6,984768.2];[7,984768.2];[9,990577.2];[10,990577.2];[1,1007528.3];[2,1007528.3];[5,1013005.1];[11,1019452.2];[8,1026214.2];[12,1029484.2];[13,1029484.2];[6,1030876.1];[7,1030876.1];[1,1037168.3];[0,1037168.3];[12,1039072.2];[3,1041172.4];[4,1041172.4];[9,1053359.8];[10,1053359.8];[1,1067618.3];[2,1067618.3];[14,1069628];[15,1069628];[8,1072146.1];[5,1076913.9];[11,1083386.8];[12,1093145.8];[13,1093145.8];[1,1097708.3];[0,1097708.3];[16,1098638];[6,1101322.2];[7,1101322.2];[12,1102950.8];[9,1106173.3];[10,1106173.3];[3,1109868.6];[4,1109868.6];[1,1126892.3];[2,1126892.3];[14,1129189.2];[15,1129189.2];[11,1135171.3];[8,1141512.2];[5,1144984.6];[12,1145022.3];[13,1145022.3];[17,1150425];[18,1150425];[12,1155475.3];[1,1157546.3];[0,1157546.3];[16,1159069.2];[3,1159766.8];[4,1159766.8];[6,1160092];[7,1160092];[9,1180452.4];[10,1180452.4];[14,1183428.7];[15,1183428.7];[19,1184639.5];[20,1184639.5];[1,1186592.3];[2,1186592.3];[5,1195814.8];[17,1196825.2];[18,1196825.2];[8,1198826];[11,1209528.4];[16,1212789.7];[1,1215290.3];[0,1215290.3];[3,1215870.4];[4,1215870.4];[12,1219375.4];[13,1219375.4];[6,1222955.2];[7,1222955.2];[12,1228965.4];[19,1230775.2];[20,1230775.2];[9,1239952.4];[10,1239952.4];[1,1245284.3];[2,1245284.3];[17,1247297.7];[18,1247297.7];[14,1251859];[15,1251859];[5,1252185.4];[8,1261598.2];[21,1263258.7];[22,1263258.7];[11,1271452.4];[1,1276088.3];[0,1276088.3];[6,1276610.5];[7,1276610.5];[12,1281323.4];[13,1281323.4];[19,1281459.2];[20,1281459.2];[16,1282105];[3,1287338.5];[4,1287338.5];[12,1291101.4];[9,1305417.4];[10,1305417.4];[1,1307495.3];[2,1307495.3];[14,1309995.6];[15,1309995.6];[23,1315037.1];[24,1315037.1];[8,1315105.5];[5,1321771.5];[21,1323199.9];[22,1323199.9];[11,1334145.4];[17,1336349.5];[18,1336349.5];[1,1337168.3];[0,1337168.3];[9,1339415.5];[10,1339415.5];[16,1340751.6];[6,1341204.9];[7,1341204.9];[12,1343758.4];[13,1343758.4];[25,1346462.1];[3,1351995.2];[4,1351995.2];[12,1353484.4];[1,1368236.3];[2,1368236.3];[11,1370012.5];[19,1371424];[20,1371424];[12,1379788.5];[13,1379788.5];[14,1381121];[15,1381121];[8,1381205.9];[5,1386658.7];[23,1389438.3];[24,1389438.3];[12,1390073.5];[21,1390801.9];[22,1390801.9];[17,1395797.6];[18,1395797.6];[1,1397903.3];[0,1397903.3];[3,1403985.7];[4,1403985.7];[14,1405825.4];[15,1405825.4];[6,1407536.9];[7,1407536.9];[16,1411037];[26,1412150.1];[27,1412150.1];[9,1414811.5];[10,1414811.5];[25,1420038.3];[1,1428764.3];[2,1428764.3];[19,1430585.1];[20,1430585.1];[16,1434997.4];[5,1437474.2];[23,1439663.9];[24,1439663.9];[11,1444649.5];[28,1447269.1];[29,1447269.1];[21,1448105.9];[22,1448105.9];[8,1448227.9];[6,1454377.1];[7,1454377.1];[12,1454634.5];[13,1454634.5];[1,1457270.3];[0,1457270.3];[3,1459918.3];[4,1459918.3];[17,1463991];[18,1463991];[12,1464403.5];[25,1470596.9];[30,1472846.9];[9,1481823.3];[10,1481823.3];[31,1482704];[32,1482704];[14,1483320.3];[15,1483320.3];[1,1485827.3];[2,1485827.3];[26,1488908.3];[27,1488908.3];[8,1494663.1];[5,1495006.3];[17,1496877];[18,1496877];[19,1498373.5];[20,1498373.5];[21,1506238.3];[22,1506238.3];[23,1511954.9];[24,1511954.9];[16,1512240.3];[11,1512534.3];[6,1512595.9];[7,1512595.9];[1,1514978.3];[0,1514978.3];[3,1519304.9];[4,1519304.9];[12,1522891.3];[13,1522891.3];[28,1529372.4];[29,1529372.4];[9,1532488.1];[10,1532488.1];[19,1532952];[20,1532952];[12,1533367.3];[25,1540544.9];[33,1541030.5];[34,1541030.5];[26,1541552.3];[27,1541552.3];[1,1545764.3];[2,1545764.3];[17,1552346.8];[18,1552346.8];[8,1552609.9];[5,1553334.9];[14,1555657.1];[15,1555657.1];[30,1556144.6];[11,1562776.1];[23,1564092.3];[24,1564092.3];[31,1564811.5];[32,1564811.5];[12,1572607.1];[13,1572607.1];[1,1577177.3];[0,1577177.3];[28,1577535.6];[29,1577535.6];[6,1579826.4];[7,1579826.4];[12,1582511.1];[3,1585772.4];[4,1585772.4];[16,1586671.1];[19,1588491.3];[20,1588491.3];[9,1589122.5];[10,1589122.5];[21,1591028.9];[22,1591028.9];[25,1595466.3];[30,1602589.5];[14,1603819.1];[15,1603819.1];[1,1607303.3];[2,1607303.3];[31,1613072.5];[32,1613072.5];[33,1613755.1];[34,1613755.1];[26,1618290.9];[27,1618290.9];[11,1618342.5];[8,1620404.4];[5,1621457.4];[12,1628241.5];[13,1628241.5];[16,1632340.1];[17,1632712.6];[18,1632712.6];[3,1636799.7];[4,1636799.7];[1,1637645.3];[0,1637645.3];[12,1638688.5];[6,1643415];[7,1643415];[23,1649615.9];[24,1649615.9];[28,1654626.6];[29,1654626.6];[9,1657308];[10,1657308];[14,1660538.1];[15,1660538.1];[33,1663331.2];[34,1663331.2];[21,1663798.9];[22,1663798.9];[1,1666847.3];[2,1666847.3];[19,1667618.6];[20,1667618.6];[26,1668216.9];[27,1668216.9];[5,1670580.2];[17,1674298.1];[18,1674298.1];[25,1679639.9];[30,1679768.9];[8,1684024];[11,1686960];[16,1689092.1];[6,1691471];[7,1691471];[31,1693008.5];[32,1693008.5];[1,1696103.3];[0,1696103.3];[12,1697384];[13,1697384];[28,1704158.7];[29,1704158.7];[12,1707400];[3,1708649.9];[4,1708649.9];[19,1709634.6];[20,1709634.6];[9,1709853.8];[10,1709853.8];[23,1717492.3];[24,1717492.3];[14,1722081.6];[15,1722081.6];[1,1726133.3];[2,1726133.3];[17,1727416.6];[18,1727416.6];[30,1730989.7];[8,1731921];[11,1739412.8];[21,1739966.1];[22,1739966.1];[31,1743515.4];[32,1743515.4];[5,1744049.4];[25,1746409.3];[33,1748282.3];[34,1748282.3];[12,1749470.8];[13,1749470.8];[16,1751727.6];[3,1752284.9];[4,1752284.9];[1,1756616.3];[0,1756616.3];[26,1756795.9];[27,1756795.9];[12,1758973.8];[6,1759217.7];[7,1759217.7];[19,1763451.6];[20,1763451.6];[9,1772829.8];[10,1772829.8];[14,1785534.6];[15,1785534.6];[1,1786490.3];[2,1786490.3];[5,1788107.9];[33,1790779.1];[34,1790779.1];[28,1791066.3];[29,1791066.3];[8,1798535.7];[23,1801495.1];[24,1801495.1];[11,1804050.8];[17,1804352.1];[18,1804352.1];[6,1810109.6];[7,1810109.6];[12,1814094.8];[13,1814094.8];[16,1814562.6];[30,1816501.2];[1,1817780.3];[0,1817780.3];[21,1818215.7];[22,1818215.7];[9,1822505.7];[10,1822505.7];[12,1823685.8];[26,1824853.9];[27,1824853.9];[31,1829232.6];[32,1829232.6];[25,1831186.1];[3,1832825.4];[4,1832825.4];[19,1839605.6];[20,1839605.6];[1,1847174.3];[2,1847174.3];[8,1851126.6];[11,1853441.7];[14,1854578.6];[15,1854578.6];[17,1858961.6];[18,1858961.6];[28,1859421.5];[29,1859421.5];[12,1863549.7];[13,1863549.7];[5,1868269.9];[12,1873495.7];[1,1876664.3];[0,1876664.3];[23,1882275.1];[24,1882275.1];[16,1883144.6];[6,1885034.2];[7,1885034.2];[3,1885143.7];[4,1885143.7];[30,1886151.9];[9,1890209.6];[10,1890209.6];[33,1891254.9];[34,1891254.9];[19,1893821.1];[20,1893821.1];[31,1899513.6];[32,1899513.6];[26,1904497.1];[27,1904497.1];[14,1905947.7];[15,1905947.7];[1,1907837.3];[2,1907837.3];[25,1912557.1];[21,1914910.5];[22,1914910.5];[11,1918748.6];[5,1920069.7];[8,1924574.2];[17,1928412.6];[18,1928412.6];[12,1928953.6];[13,1928953.6];[16,1937426.7];[12,1938464.6];[1,1938836.3];[0,1938836.3];[6,1943320.9];[7,1943320.9];[28,1945301.7];[29,1945301.7];[3,1948640.9];[4,1948640.9];[9,1950689.6];[10,1950689.6];[14,1960186];[15,1960186];[19,1962204.6];[20,1962204.6];[33,1962230.8];[34,1962230.8];[23,1966365.7];[24,1966365.7];[1,1967552.3];[2,1967552.3];[30,1970993.7];[21,1974540.1];[22,1974540.1];[11,1980341.6];[17,1982284.2];[18,1982284.2];[5,1983008.9];[31,1984045.2];[32,1984045.2];[8,1984966.9];[12,1990686.6];[13,1990686.6];[16,1991296];[26,1992515.1];[27,1992515.1];[25,1997385.7];[1,