# A sequence extracted from the output.json
S=[0,1,2,1,3,4,5,6,7,8,9,10,11,12,13,12,14,15,16,17,18,19,20,21,22,23,24,25,26,27,28,29,30,31,32,33,34,0,1,2,3,4,1,0,1,2,5,6,7,1,0,3,4,1,2,8,5,1,0,3,4,6,7,9,10,1,2,5,11,8,12,13,6,7,1,0,12,3,4,9,10,1,2,14,15,8,5,11,12,13,1,0,16,6,7,12,9,10,3,4,1,2,14,15,11,8,5,12,13,17,18,12,1,0,16,3,4,6,7,9,10,14,15,19,20,1,2,5,17,18,8,11,16,1,0,3,4,12,13,6,7,12,19,20,9,10,1,2,17,18,14,15,5,8,21,22,11,1,0,6,7,12,13,19,20,16,3,4,12,9,10,1,2,14,15,23,24,8,5,21,22,11,17,18,1,0,9,10,16,6,7,12,13,25,3,4,12,1,2,11,19,20,12,13,14,15,8,5,23,24,12,21,22,17,18,1,0,3,4,14,15,6,7,16,26,27,9,10,25,1,2,19,20,16,5,23,24,11,28,29,21,22,8,6,7,12,13,1,0,3,4,17,18,12,25,30,9,10,31,32,14,15,1,2,26,27,8,5,17,18,19,20,21,22,23,24,16,11,6,7,1,0,3,4,12,13,28,29,9,10,19,20,12,25,33,34,26,27,1,2,17,18,8,5,14,15,30,11,23,24,31,32,12,13,1,0,28,29,6,7,12,3,4,16,19,20,9,10,21,22,25,30,14,15,1,2,31,32,33,34,26,27,11,8,5,12,13,16,17,18,3,4,1,0,12,6,7,23,24,28,29,9,10,14,15,33,34,21,22,1,2,19,20,26,27,5,17,18,25,30,8,11,16,6,7,31,32,1,0,12,13,28,29,12,3,4,19,20,9,10,23,24,14,15,1,2,17,18,30,8,11,21,22,31,32,5,25,33,34,12,13,16,3,4,1,0,26,27,12,6,7,19,20,9,10,14,15,1,2,5,33,34,28,29,8,23,24,11,17,18,6,7,12,13,16,30,1,0,21,22,9,10,12,26,27,31,32,25,3,4,19,20,1,2,8,11,14,15,17,18,28,29,12,13,5,12,1,0,23,24,16,6,7,3,4,30,9,10,33,34,19,20,31,32,26,27,14,15,1,2,25,21,22,11,5,8,17,18,12,13,16,12,1,0,6,7,28,29,3,4,9,10,14,15,19,20,33,34,23,24,1,2,30,21,22,11,17,18,5,31,32,8,12,13,16,26,27,25,1,3,4,12,6,7,9,10,19,20,28,29,23,24,17,18,14,15,5,33,34,21,22,11,8,30,12,13,6,7,25,26,27,16,31,32,12,19,20,14,15,9,10,8,23,24,28,29,17,18,21,22,16,26,27,11,33,34,12,13,30,25,12,9,10,31,32,19,20,28,29,14,15,17,18,11,23,24,21,22,30,12,13,31,32,12,33,34,16,25,19,20,26,27,14,15,17,18,23,24,21,22,33,34,28,29,16,25,19,20,30,26,27,31,32,17,18,23,24,21,22,28,29,25,19,20,33,34,30,26,27,31,32,23,24,21,22,28,29,25,33,34,30,26,27,31,32,21,22,23,24,28,29,25,33,34,26,27,30,23,24,31,32,28,29,25,21,22,33,34,30,26,27,31,32,23,24,21,22,28,29,33,34,26,27,25,30,31,32,28,29,23,24,30,31,32,25,33,34,26,27,33,34,28,29,30,26,27,31,32,28,29,33,34,30,31,32,33,34,0,1,2,3,4,1,0,1,2,5,6,7,1,0,3,4,1,2,8,5,1,0,9,10,6,7,3,4,1,2,11,12,13,8,5,12,1,0,3,4,6,7,9,10,14,15,1,2,5,16,8,11,3,4,6,7,1,0,12,13,12,9,10,14,15,1,2,5,17,18,8,11,6,7,1,0,12,13,16,3,4,19,20,12,9,10,1,2,8,5,17,18,14,15,11,6,7,9,10,1,0,3,4,12,13,16,12,19,20,21,22,11,1,2,5,14,15,8,12,13,12,6,7,1,0,17,18,14,15,9,10,16,3,4,23,24,1,2,16,19,20,11,8,12,13,25,5,21,22,12,17,18,1,0,3,4,6,7,9,10,14,15,1,2,19,20,17,18,26,27,5,11,23,24,16,8,1,0,12,13,21,22,3,4,6,7,12,19,20,25,28,29,9,10,17,18,14,15,1,2,5,8,30,23,24,31,32,11,16,1,0,6,7,3,4,19,20,12,13,12,9,10,25,21,22,1,2,26,27,5,8,33,34,17,18,14,15,11,6,7,1,0,12,13,3,4,12,28,29,16,19,20,9,10,1,2,23,24,8,5,14,15,30,26,27,31,32,11,6,7,17,18,25,12,13,1,0,3,4,21,22,16,12,9,10,28,29,19,20,1,2,8,14,15,5,30,11,33,34,12,13,31,32,17,18,6,7,3,4,23,24,1,0,26,27,16,12,9,10,21,22,14,15,25,19,20,1,2,5,8,11,28,29,33,34,17,18,6,7,12,13,16,1,0,12,3,4,9,10,30,23,24,31,32,19,20,8,1,2,26,27,11,14,15,5,12,13,25,17,18,21,22,12,1,0,3,4,16,6,7,9,10,28,29,14,15,33,34,19,20,1,2,11,5,30,8,12,13,16,17,18,26,27,23,24,31,32,12,6,7,1,0,21,22,3,4,14,15,25,19,20,9,10,28,29,1,2,17,18,8,16,5,33,34,30,11,1,0,31,32,9,10,19,20,12,13,23,24,3,4,26,27,12,6,7,1,2,14,15,11,21,22,25,17,18,12,13,5,28,29,12,8,33,34,1,0,16,6,7,3,4,19,20,30,9,10,14,15,1,2,31,32,23,24,5,8,11,26,27,16,17,18,1,0,6,7,3,4,12,13,25,21,22,12,28,29,9,10,17,18,19,20,1,2,33,34,14,15,5,8,6,7,30,11,1,0,26,27,3,4,23,24,31,32,19,20,16,12,13,9,10,12,1,2,25,8,5,28,29,21,22,14,15,11,12,13,33,34,17,18,6,7,1,0,9,10,12,30,3,4,16,31,32,14,15,1,2,23,24,11,26,27,19,20,8,5,12,13,16,17,18,12,21,22,25,1,0,33,34,6,7,28,29,3,4,9,10,14,15,19,20,17,18,1,2,30,8,31,32,23,24,11,5,21,22,16,1,0,12,13,3,4,26,27,19,20,12,6,7,9,10,25,14,15,1,2,33,34,5,28,29,11,17,18,8,23,24,12,13,16,3,4,6,7,1,0,12,30,21,22,9,10,31,32,19,20,25,5,1,2,26,27,14,15,8,17,18,11,6,7,12,13,3,4,1,0,16,12,9,10,28,29,19,20,23,24,33,34,1,2,8,14,15,5,26,27,30,11,12,13,31,32,25,21,22,17,18,12,3,4,6,7,1,0,16,9,10,28,29,14,15,19,20,1,2,5,8,11,30,26,27,33,34,16,21,22,12,13,23,24,6,7,31,32,1,0,17,18,12,3,4,9,10,14,15,25,1,2,28,29,17,18,8,19,20,11,23,24,5,16,21,22,12,13,30,33,34,1,0,12,31,32,9,10,3,4,6,7,19,20,25,17,18,26,27,14,15,1,2,11,5,12,13,8,23,24,16,19,20,1,0,12,3,4,28,29,33,34,6,7,26,27,21,22,14,15,9,10,30,25,1,2,5,31,32,17,18,8,16,28,29,6,7,11,1,0,3,4,12,13,12,30,23,24,9,10,19,20,21,22,31,32,1,2,14,15,33,34,8,5,17,18,25,26,27,11,12,13,3,4,6,7,1,0,16,9,10,12,19,20,28,29,33,34,14,15,23,24,1,2,5,11,8,17,18,30,12,13,26,27,16,3,4,31,32,25,12,1,0,6,7,21,22,9,10,19,20,14,15,28,29,1,2,5,8,11,16,17,18,30,12,13,6,7,33,34,21,22,26,27,1,0,12,31,32,23,24,9,10,3,4,19,20,8,1,2,14,15,25,17,18,11,28,29,5,12,13,23,24,12,9,10,6,7,3,4,1,0,16,33,34,30,19,20,21,22,14,15,31,32,25,11,1,2,5,17,18,12,13,8,16,26,27,12,6,7,3,4,1,0,33,34,9,10,14,15,19,20,23,24,17,18,28,29,26,27,8,1,2,21,22,11,5,16,25,12,13,30,19,20,6,7,12,31,32,3,4,1,0,9,10,28,29,14,15,17,18,21,22,1,2,5,30,8,23,24,11,31,32,16,26,27,12,13,33,34,6,7,1,0,19,20,12,25,9,10,3,4,28,29,14,15,23,24,1,2,8,33,34,17,18,11,5,12,13,30,16,21,22,25,1,0,12,31,32,26,27,9,10,3,4,19,20,6,7,14,15,1,2,17,18,11,5,16,28,29,12,13,23,24,26,27,21,22,8,12,1,0,33,34,19,20,6,7,3,4,30,25,31,32,14,15,17,18,28,29,1,2,9,10,5,8,30,16,1,0,23,24,19,20,31,32,3,4,11,33,34,6,7,12,13,21,22,9,10,12,1,2,25,5,26,27,17,18,33,34,8,11,3,4,14,15,1,0,6,7,12,13,12,23,24,19,20,28,29,9,10,1,2,14,15,16,5,21,22,8,30,25,26,27,11,6,7,16,1,0,31,32,12,13,17,18,3,4,12,9,10,1,2,23,24,28,29,8,11,19,20,17,18,14,15,5,12,13,1,0,30,33,34,25,3,4,12,9,10,31,32,6,7,21,22,26,27,16,19,20,1,2,14,15,11,5,8,12,13,3,4,28,29,1,0,12,33,34,6,7,16,23,24,26,27,21,22,17,18,30,9,10,5,1,2,14,15,25,31,32,8,6,7,28,29,19,20,11,3,4,17,18,16,1,0,12,13,23,24,30,12,9,10,8,31,32,1,2,19,20,33,34,26,27,5,25,21,22,17,18,14,15,11,6,7,12,13,1,0,9,10,12,3,4,28,29,16,19,20,33,34,1,2,11,26,27,8,23,24,30,12,13,14,15,21,22,5,12,31,32,1,0,17,18,6,7,3,4,25,16,28,29,14,15,9,10,1,2,19,20,30,23,24,8,21,22,5,16,31,32,11,33,34,1,0,12,13,17,18,6,7,12,25,3,4,9,10,26,27,1,2,33,34,19,20,23,24,14,15,21,22,8,17,18,11,5,28,29,12,13,1,3,4,6,7,12,25,16,19,20,30,9,10,31,32,5,14,15,26,27,23,24,8,17,18,6,7,11,12,13,25,16,21,22,12,33,34,28,29,26,27,19,20,9,10,8,14,15,17,18,30,31,32,11,9,10,28,29,12,13,16,12,23,24,19,20,21,22,11,30,26,27,33,34,12,13,14,15,31,32,17,18,25,12,16,28,29,14,15,23,24,19,20,21,22,33,34,30,16,25,31,32,26,27,17,18,28,29,23,24,33,34,17,18,19,20,30,25,21,22,31,32,26,27,19,20,28,29,33,34,26,27,23,24,21,22,30,31,32,25,28,29,30,23,24,21,22,31,32,33,34,25,26,27,33,34,23,24,21,22,28,29,25,30,26,27,31,32,23,24,28,29,25,33,34,21,22,26,27,30,31,32,28,29,26,27,21,22,30,23,24,31,32,33,34,28,29,25,21,22,23,24,30,31,32,33,34,25,26,27,23,24,33,34,21,22,28,29,26,27,25,30,31,32,28,29,23,24,21,22,26,27,30,25,31,32,33,34,28,29,23,24,33,34,30,21,22,31,32,25,26,27,33,34,23,24,28,29,26,27,30,25,21,22,31,32,28,29,30,33,34,31,32,23,24,26,27,21,22,25,28,29,33,34,23,24,30,31,32,21,22,25,26,27,33,34,28,29,23,24,26,27,30,31,32,25,28,29,30,31,32,33,34,26,27,33,34,28,29,30,31,32,33,34];
